0 0.4880636604774536 0.5139257294429708 0.07692307692307693 0.07294429708222812
0 0.4562334217506631 0.4091511936339522 0.07692307692307693 0.07294429708222812
0 0.5583554376657824 0.1611405835543766 0.07692307692307693 0.07294429708222812
0 0.6405835543766578 0.27917771883289116 0.07692307692307693 0.07294429708222812
0 0.5066312997347481 0.719496021220159 0.07692307692307693 0.07294429708222812
0 0.41644562334217505 0.7553050397877983 0.07692307692307693 0.07294429708222812
0 0.6803713527851456 0.8693633952254642 0.07692307692307693 0.09151193633952266
0 0.6604774535809015 0.12931034482758627 0.07692307692307693 0.09151193633952266
0 0.23143236074270518 0.3295755968169764 0.0782493368700266 0.07294429708222842
0 0.8759946949602115 0.7009283819628651 0.09151193633952288 0.08090185676392592
0 0.49005305039787733 0.3295755968169765 0.09151193633952288 0.08090185676392592
0 0.7685676392572938 0.14389920424403221 0.09151193633952288 0.08090185676392592
