0 0.07559681697612733 0.6618037135278514 0.07161803713527852 0.08753315649867377
0 0.10212201591511937 0.5557029177718833 0.07161803713527852 0.08753315649867377
0 0.1976127320954907 0.5795755968169761 0.07161803713527852 0.08753315649867377
0 0.8335543766578248 0.6312997347480107 0.05968169761273213 0.07427055702917781
0 0.8507957559681699 0.8706896551724133 0.08090185676392564 0.07824933687002653
0 0.9469496021220161 0.8786472148541112 0.08222811671087521 0.08885941644562392
0 0.8196286472148542 0.4370026525198933 0.0901856763925727 0.06763925729442956
0 0.9283819628647215 0.7446949602122009 0.0901856763925727 0.06763925729442956
0 0.7838196286472149 0.2751989389920418 0.0901856763925727 0.06763925729442956
0 0.18567639257294427 0.2519893899204239 0.09018567639257265 0.08488063660477421
0 0.143236074270557 0.34217506631299677 0.09018567639257266 0.08488063660477421
0 0.2506631299734748 0.3050397877984079 0.09018567639257266 0.08488063660477421
0 0.31034482758620685 0.09018567639257241 0.09018567639257266 0.08488063660477421
0 0.3899204244031831 0.078249336870026 0.09018567639257266 0.08488063660477421
0 0.1259946949602123 0.43368700265251936 0.09018567639257266 0.08488063660477421
0 0.8209549071618037 0.20291777188328866 0.08222811671087492 0.0769230769230766
0 0.27851458885941655 0.6578249336870021 0.08222811671087492 0.0769230769230766
0 0.9190981432360745 0.32360742705570245 0.08222811671087492 0.0769230769230766
0 0.9575596816976131 0.47347480106100703 0.08488063660477416 0.06100795755968178
0 0.12533156498673764 0.8726790450928373 0.09151193633952215 0.07957559681697589
0 0.9389920424403188 0.592838196286471 0.07427055702917679 0.06100795755968176
0 0.9336870026525205 0.6611405835543755 0.08222811671087442 0.06498673740053042
0 0.34615384615384664 0.38395225464190863 0.08222811671087442 0.06498673740053042
0 0.4787798408488068 0.0417771883289113 0.08222811671087442 0.08090185676392565
0 0.13129973474801107 0.040450928381962827 0.08222811671087442 0.08090185676392565
0 0.8196286472148544 0.7977453580901848 0.09283819628647104 0.08090185676392554
0 0.9151193633952259 0.5159151193633944 0.07161803713527716 0.06631299734748033
0 0.5596816976127326 0.9668435013262596 0.07161803713527716 0.06631299734748033
