0 0.484375 0.091797 0.093750 0.070312
0 0.121094 0.465820 0.093750 0.083984
0 0.250000 0.465820 0.093750 0.056641
0 0.329102 0.818359 0.087891 0.066406
0 0.257812 0.158203 0.082031 0.074219
0 0.884766 0.079102 0.082031 0.099609
0 0.182617 0.750000 0.060547 0.070312
0 0.532227 0.936523 0.072266 0.083984
0 0.050781 0.618164 0.097656 0.107422
0 0.694336 0.919922 0.091797 0.085938
0 0.942383 0.937500 0.091797 0.089844
0 0.758789 0.949219 0.072266 0.062500
0 0.236328 0.343750 0.062500 0.078125
0 0.957031 0.123047 0.054688 0.085938
0 0.354492 0.916992 0.068359 0.060547
0 0.333008 0.871094 0.076172 0.050781
0 0.326172 0.750000 0.066406 0.070312
0 0.280273 0.554688 0.083984 0.093750
0 0.071289 0.346680 0.064453 0.064453
0 0.330078 0.465820 0.054688 0.060547
0 0.300781 0.399414 0.070312 0.056641
0 0.160156 0.502930 0.117188 0.060547
