0 0.418945 0.177734 0.080078 0.066406
0 0.510742 0.245117 0.080078 0.064453
0 0.455078 0.556641 0.070312 0.066406
0 0.464844 0.394531 0.074219 0.066406
0 0.193359 0.933594 0.089844 0.062500
0 0.351562 0.964844 0.089844 0.062500
0 0.524414 0.534180 0.068359 0.060547
0 0.228516 0.801758 0.062500 0.091797
0 0.522461 0.660156 0.076172 0.078125
0 0.388672 0.079102 0.078125 0.060547
0 0.612305 0.094727 0.091797 0.076172
0 0.588867 0.326172 0.087891 0.121094
0 0.238281 0.579102 0.089844 0.072266
0 0.602539 0.733398 0.072266 0.076172
0 0.443359 0.801758 0.050781 0.072266
0 0.889648 0.947266 0.076172 0.093750
0 0.456055 0.933594 0.068359 0.058594
0 0.120117 0.637695 0.064453 0.083984
0 0.321289 0.491211 0.087891 0.064453
0 0.353516 0.421875 0.082031 0.054688
0 0.618164 0.562500 0.068359 0.085938
0 0.351562 0.894531 0.066406 0.062500
