0 0.567383 0.487305 0.111328 0.103516
0 0.425781 0.456055 0.113281 0.087891
0 0.829102 0.263672 0.111328 0.093750
0 0.761719 0.519531 0.082031 0.070312
0 0.272461 0.313477 0.060547 0.068359
0 0.460938 0.212891 0.078125 0.062500
0 0.573242 0.099609 0.087891 0.058594
0 0.074219 0.390625 0.078125 0.082031
0 0.716797 0.388672 0.105469 0.082031
0 0.343750 0.343750 0.054688 0.054688
0 0.150391 0.507812 0.082031 0.062500
0 0.768555 0.640625 0.056641 0.070312
0 0.955078 0.338867 0.089844 0.103516
0 0.150391 0.067383 0.089844 0.068359
0 0.726562 0.098633 0.066406 0.076172
0 0.902344 0.575195 0.082031 0.076172
0 0.362305 0.634766 0.107422 0.058594
