0 0.388672 0.367188 0.097656 0.074219
0 0.198242 0.803711 0.080078 0.087891
0 0.472656 0.762695 0.074219 0.056641
0 0.757812 0.545898 0.066406 0.080078
0 0.900391 0.260742 0.113281 0.072266
0 0.726562 0.191406 0.097656 0.082031
0 0.307617 0.249023 0.076172 0.080078
0 0.083984 0.659180 0.074219 0.068359
0 0.601562 0.931641 0.085938 0.078125
0 0.413086 0.483398 0.083984 0.087891
0 0.678711 0.360352 0.064453 0.103516
0 0.357422 0.879883 0.050781 0.056641
0 0.246094 0.916992 0.050781 0.056641
0 0.080078 0.772461 0.070312 0.056641
0 0.926758 0.797852 0.068359 0.111328
0 0.397461 0.971680 0.056641 0.056641
0 0.956055 0.616211 0.087891 0.099609
0 0.573242 0.842773 0.064453 0.064453
0 0.729492 0.831055 0.087891 0.111328
0 0.412109 0.583984 0.078125 0.082031
0 0.240234 0.394531 0.066406 0.078125
0 0.289062 0.094727 0.066406 0.052734
0 0.646484 0.083008 0.078125 0.076172
0 0.844727 0.039062 0.072266 0.046875
0 0.026367 0.616211 0.048828 0.080078
0 0.930664 0.429688 0.080078 0.070312
0 0.544922 0.792969 0.039062 0.066406
0 0.269531 0.816406 0.078125 0.074219
0 0.108398 0.854492 0.064453 0.064453
0 0.035156 0.750000 0.058594 0.050781
0 0.198242 0.885742 0.064453 0.060547
0 0.306641 0.892578 0.050781 0.070312
0 0.356445 0.939453 0.064453 0.074219
0 0.927734 0.915039 0.058594 0.091797
0 0.887695 0.185547 0.083984 0.066406
0 0.350586 0.194336 0.052734 0.083984
0 0.295898 0.151367 0.060547 0.052734
0 0.299805 0.332031 0.064453 0.054688
0 0.949219 0.619141 0.082031 0.074219
