0 0.238281 0.314453 0.140625 0.128906
1 0.313477 0.117188 0.076172 0.078125
1 0.411133 0.344727 0.064453 0.076172
1 0.337891 0.774414 0.074219 0.080078
1 0.804688 0.313477 0.078125 0.064453
1 0.735352 0.289062 0.068359 0.070312
1 0.782227 0.190430 0.044922 0.060547
1 0.739258 0.084961 0.095703 0.083984
1 0.944336 0.444336 0.087891 0.068359
1 0.512695 0.759766 0.083984 0.082031
1 0.526367 0.638672 0.087891 0.058594
1 0.466797 0.570312 0.105469 0.062500
1 0.193359 0.655273 0.062500 0.095703
1 0.295898 0.605469 0.080078 0.140625
1 0.280273 0.796875 0.076172 0.089844
1 0.322266 0.964844 0.054688 0.062500
1 0.699219 0.871094 0.089844 0.109375
1 0.715820 0.480469 0.111328 0.070312
1 0.786133 0.437500 0.080078 0.050781
1 0.740234 0.367188 0.089844 0.050781
1 0.962891 0.069336 0.058594 0.068359
1 0.932617 0.291992 0.064453 0.048828
2 0.032227 0.223633 0.037109 0.037109
2 0.041992 0.275391 0.041016 0.042969
2 0.077148 0.291992 0.044922 0.033203
2 0.179688 0.535156 0.035156 0.035156
2 0.179688 0.503906 0.031250 0.035156
2 0.189453 0.191406 0.035156 0.039062
1 0.140625 0.031250 0.066406 0.046875
1 0.285156 0.043945 0.074219 0.044922
1 0.404297 0.033203 0.062500 0.046875
1 0.540039 0.063477 0.068359 0.056641
1 0.587891 0.112305 0.085938 0.052734
1 0.638672 0.157227 0.070312 0.052734
1 0.695312 0.226562 0.082031 0.050781
1 0.913086 0.193359 0.056641 0.058594
1 0.859375 0.243164 0.058594 0.060547
1 0.883789 0.331055 0.068359 0.060547
1 0.896484 0.659180 0.074219 0.060547
1 0.842773 0.823242 0.056641 0.048828
1 0.604492 0.746094 0.041016 0.054688
1 0.539062 0.890625 0.058594 0.078125
1 0.351562 0.862305 0.078125 0.056641
1 0.423828 0.513672 0.093750 0.054688
1 0.536133 0.422852 0.064453 0.083984
1 0.473633 0.407227 0.068359 0.048828
1 0.458984 0.348633 0.050781 0.091797
1 0.500977 0.186523 0.060547 0.076172
1 0.356445 0.226562 0.060547 0.058594
1 0.356445 0.165039 0.080078 0.060547
1 0.860352 0.502930 0.060547 0.064453
2 0.478516 0.485352 0.035156 0.025391
