0 0.49734748010610075 0.6903183023872679 0.07427055702917772 0.05968169761273209
0 0.6259946949602122 0.6425729442970822 0.07427055702917772 0.05968169761273209
0 0.7546419098143237 0.6412466843501327 0.07427055702917772 0.05968169761273209
0 0.7944297082228117 0.5643236074270557 0.07427055702917772 0.05968169761273209
0 0.86737400530504 0.41976127320954904 0.07427055702917772 0.05968169761273209
0 0.4031830238726794 0.953580901856764 0.07427055702917769 0.07161803713527849
0 0.6631299734748015 0.8726790450928382 0.07427055702917769 0.07161803713527849
0 0.5802387267904511 0.8700265251989393 0.07824933687002676 0.0795755968169764
0 0.4622015915119368 0.043766578249337156 0.07824933687002678 0.0795755968169764
0 0.3070291777188333 0.23474801061007983 0.07824933687002678 0.0795755968169764
0 0.3070291777188333 0.23474801061007983 0.07824933687002678 0.0795755968169764
0 0.2208222811671088 0.426392572944297 0.07824933687002654 0.08090185676392592
0 0.19628647214854109 0.7427055702917771 0.06631299734748013 0.053050397877984094
0 0.6286472148541113 0.38328912466843484 0.06631299734748013 0.053050397877984094
0 0.6856763925729443 0.2533156498673738 0.06631299734748013 0.053050397877984094
0 0.6047745358090186 0.5702917771883287 0.06631299734748013 0.053050397877984094
0 0.8905835543766579 0.8614058355437662 0.07559681697612734 0.05702917771883292
0 0.8242705570291775 0.10278514588859387 0.0809018567639265 0.07294429708222819
0 0.40915119363395236 0.326259946949602 0.07559681697612744 0.07161803713527887
0 0.6372679045092838 0.472811671087533 0.07824933687002654 0.08090185676392592
0 0.5656498673740051 0.3209549071618036 0.0676392572944298 0.06896551724137952
0 0.04774535809018571 0.10941644562334205 0.0663129973474801 0.06763925729442992
0 0.8149867374005304 0.18700265251989362 0.1021220159151201 0.09549071618037147
0 0.8574270557029178 0.23474801061007958 0.022546419098143228 0.01856763925729443
