0 0.29244031830238726 0.4197612732095491 0.12334217506631301 0.09151193633952256
0 0.6279840848806366 0.47281167108753314 0.12334217506631301 0.09151193633952256
0 0.6631299734748011 0.8070291777188325 0.07957559681697597 0.08620689655172362
0 0.7380636604774534 0.7824933687002649 0.07029177718832885 0.07957559681697585
0 0.8017241379310345 0.7493368700265247 0.07029177718832885 0.07957559681697585
0 0.5815649867374003 0.8302387267904504 0.07029177718832885 0.07957559681697585
0 0.16246684350132598 0.6326259946949593 0.08355437665782478 0.07957559681697579
0 0.30305039787798377 0.19496021220159068 0.07559681697612713 0.0742705570291774
0 0.5318302387267901 0.41246684350132523 0.11140583554376643 0.08488063660477378
0 0.9084880636604773 0.44694960212201473 0.11140583554376643 0.08488063660477378
0 0.8083554376657826 0.9051724137931019 0.1339522546419094 0.12334217506631286
0 0.46551724137931033 0.05702917771883129 0.12201591511936277 0.07692307692307677
0 0.14920424403183008 0.07824933687002494 0.07294429708222736 0.07161803713527841
0 0.08090185676392575 0.3216180371352785 0.09018567639257297 0.08090185676392596
0 0.08297258297258296 0.1695526695526694 0.07070707070707069 0.07070707070707083
0 0.10606060606060605 0.7626262626262624 0.07070707070707069 0.07070707070707083
0 0.7582972582972584 0.5202020202020201 0.07070707070707069 0.07070707070707083
0 0.3939393939393942 0.5497835497835496 0.19913419913419883 0.1414141414141415
0 0.046176046176046086 0.435064935064935 0.07792207792207806 0.062049062049062
