0 0.470159151193634 0.5517241379310344 0.10212201591511916 0.11936339522546405
0 0.06697612732095518 0.36737400530504 0.11273209549071625 0.10079575596817014
0 0.09748010610079602 0.6631299734748012 0.11273209549071625 0.10079575596817014
0 0.3454907161803716 0.35941644562334235 0.09151193633952262 0.10079575596817009
0 0.45092838196286505 0.33355437665782506 0.08488063660477435 0.08885941644562373
0 0.7035809018567641 0.6432360742705571 0.08885941644562358 0.11405835543766572
0 0.560344827586207 0.8501326259946945 0.0862068965517242 0.09283819628647129
0 0.8381962864721487 0.7592838196286469 0.0769230769230768 0.07294429708222719
0 0.60079575596817 0.37068965517241387 0.09283819628647222 0.09151193633952256
0 0.9084880636604779 0.5948275862068966 0.09283819628647222 0.09151193633952256
0 0.9502652519893897 0.3110079575596816 0.09946949602121961 0.08355437665782503
0 0.9913793103448276 0.2911140583554377 0.017241379310344827 0.003978779840848806
0 0.5106100795755966 0.9297082228116712 0.09814323607427002 0.0742705570291779
0 0.5981432360742703 0.7533156498673741 0.09814323607427002 0.0742705570291779
0 0.872679045092837 0.6750663129973475 0.09814323607427002 0.09549071618037125
0 0.33488063660477324 0.2440318302387265 0.12864721485411085 0.09549071618037122
0 0.9084880636604774 0.7964190981432359 0.08488063660477453 0.08090185676392574
0 0.9456233421750663 0.6996021220159149 0.08488063660477453 0.08090185676392574
0 0.09748010610079602 0.6631299734748012 0.11273209549071625 0.10079575596817014
0 0.09748010610079602 0.6631299734748012 0.11273209549071625 0.10079575596817014
0 0.18236074270557054 0.9270557029177721 0.11273209549071625 0.10079575596817014
