0 0.22148541114058362 0.5517241379310344 0.06896551724137931 0.07692307692307693
0 0.34084880636604786 0.47480106100795744 0.06896551724137931 0.07692307692307693
0 0.37267904509283833 0.559681697612732 0.06896551724137931 0.07692307692307693
0 0.37267904509283833 0.559681697612732 0.06896551724137931 0.07692307692307693
0 0.2712201591511937 0.6677718832891247 0.0782493368700265 0.07824933687002643
0 0.15583554376657827 0.809681697612732 0.0782493368700265 0.07824933687002643
0 0.4728116710875333 0.26724137931034475 0.0782493368700265 0.07824933687002643
0 0.4728116710875333 0.26724137931034475 0.0782493368700265 0.07824933687002643
0 0.44031830238726777 0.3786472148541113 0.07692307692307727 0.0782493368700266
0 0.9336870026525197 0.3826259946949601 0.07692307692307727 0.0782493368700266
0 0.8209549071618035 0.6054376657824931 0.07692307692307727 0.0782493368700266
0 0.795755968169761 0.6916445623342174 0.07692307692307727 0.0782493368700266
0 0.225464190981432 0.289787798408488 0.07692307692307727 0.10212201591511949
0 0.7486737400530498 0.9648541114058357 0.057029177718833354 0.0649867374005311
0 0.08753315649867321 0.9542440318302391 0.06366047745358139 0.0888594164456237
0 0.08753315649867321 0.9542440318302391 0.06366047745358139 0.0888594164456237
0 0.8428381962864714 0.20822281167108667 0.07029177718833042 0.06631299734747864
0 0.9648541114058345 0.12135278514588775 0.0702917771883304 0.06763925729442821
0 0.5815649867373994 0.44363395225464103 0.0702917771883304 0.06763925729442821
0 0.8806366047745346 0.7712201591511927 0.08488063660477616 0.08885941644562241
0 0.8806366047745346 0.7712201591511927 0.08488063660477616 0.08885941644562241
0 0.15384615384615388 0.2228116710875327 0.0689655172413793 0.07161803713527927
0 0.15384615384615388 0.2228116710875327 0.0689655172413793 0.07161803713527927
0 0.4370026525198935 0.4562334217506633 0.06498673740053033 0.06366047745358093
0 0.4370026525198935 0.4562334217506633 0.06498673740053033 0.06366047745358093
0 0.7970822281167104 0.4774535809018573 0.09814323607426992 0.09814323607427018
0 0.2931034482758616 0.10079575596817034 0.09814323607426992 0.09814323607427018
0 0.2931034482758616 0.10079575596817034 0.09814323607426992 0.09814323607427018
0 0.43103448275862066 0.6319628647214856 0.05835543766578295 0.06763925729443
0 0.43103448275862066 0.6319628647214856 0.05835543766578295 0.06763925729443
0 0.4708222811671087 0.5384615384615382 0.08222811671087507 0.07427055702917769
0 0.6007957559681697 0.5583554376657822 0.08222811671087507 0.07427055702917769
0 0.8421750663129971 0.037135278514588844 0.08222811671087507 0.07427055702917769
0 0.9363395225464185 0.5497347480106102 0.08222811671087506 0.062334217506631234
0 0.06564986737400416 0.07360742705570188 0.06763925729443133 0.05702917771883197
0 0.27122015915119246 0.18236074270556923 0.06763925729443133 0.05702917771883197
0 0.38793103448275745 0.15981432360742598 0.06763925729443133 0.05702917771883197
0 0.3468169761273198 0.028514588859415987 0.06763925729443133 0.05702917771883197
0 0.9343501326259936 0.24336870026525154 0.06763925729443133 0.05702917771883197
0 0.17440318302387162 0.665119363395225 0.06763925729443133 0.09151193633952145
