0 0.8793103448275862 0.17307692307692307 0.08222811671087533 0.10477453580901858
0 0.948275862068966 0.24005305039787778 0.09814323607427061 0.09283819628647205
0 0.8647214854111411 0.2997347480106099 0.09814323607427061 0.09283819628647205
0 0.8607427055702924 0.39787798408488045 0.09814323607427061 0.09283819628647205
0 0.2824933687002657 0.9535809018567639 0.09814323607427061 0.09283819628647205
0 0.20490716180371407 0.1836870026525199 0.11273209549071612 0.1180371352785145
0 0.05437665782493371 0.7659151193633952 0.08753315649867377 0.08090185676392574
0 0.14389920424403185 0.7301061007957557 0.06763925729442972 0.08090185676392575
0 0.1425729442970822 0.56498673740053 0.09416445623342186 0.10875331564986736
0 0.23143236074270562 0.43236074270556957 0.0782493368700268 0.08488063660477457
0 0.34350132625994695 0.5503978779840842 0.06896551724137956 0.06896551724137902
0 0.33819628647214856 0.12334217506631241 0.06896551724137956 0.06896551724137902
