0 0.619141 0.719727 0.078125 0.076172
0 0.708984 0.475586 0.093750 0.080078
0 0.723633 0.551758 0.072266 0.056641
0 0.396484 0.719727 0.093750 0.107422
0 0.705078 0.265625 0.101562 0.046875
0 0.689453 0.840820 0.117188 0.119141
0 0.865234 0.775391 0.089844 0.101562
0 0.708984 0.733398 0.078125 0.037109
0 0.605469 0.870117 0.089844 0.126953
0 0.965820 0.917969 0.068359 0.082031
0 0.871094 0.959961 0.121094 0.076172
0 0.821289 0.849609 0.111328 0.109375
0 0.731445 0.938477 0.134766 0.099609
0 0.518555 0.924805 0.076172 0.060547
0 0.204102 0.792969 0.154297 0.093750
0 0.059570 0.491211 0.076172 0.091797
0 0.204102 0.129883 0.111328 0.095703
0 0.087891 0.055664 0.085938 0.068359
0 0.426758 0.090820 0.099609 0.130859
0 0.056641 0.123047 0.093750 0.058594
0 0.137695 0.207031 0.095703 0.093750
0 0.562500 0.044922 0.093750 0.074219
0 0.070312 0.933594 0.113281 0.097656
