0 0.684570 0.164062 0.083984 0.074219
0 0.811523 0.314453 0.087891 0.082031
0 0.245117 0.298828 0.083984 0.062500
0 0.343750 0.612305 0.078125 0.083984
0 0.501953 0.486328 0.109375 0.093750
0 0.696289 0.855469 0.080078 0.074219
0 0.324219 0.321289 0.074219 0.064453
0 0.111328 0.615234 0.109375 0.093750
0 0.108398 0.707031 0.087891 0.121094
0 0.185547 0.880859 0.128906 0.128906
0 0.289062 0.756836 0.128906 0.083984
1 0.240234 0.593750 0.078125 0.074219
0 0.265625 0.477539 0.066406 0.087891
0 0.212891 0.408203 0.078125 0.078125
0 0.125977 0.156250 0.095703 0.089844
0 0.291992 0.873047 0.076172 0.085938
0 0.411133 0.611328 0.044922 0.046875
