0 0.391602 0.477539 0.083984 0.087891
0 0.326172 0.274414 0.097656 0.107422
0 0.110352 0.290039 0.080078 0.095703
0 0.198242 0.175781 0.068359 0.078125
0 0.306641 0.122070 0.089844 0.091797
0 0.460938 0.141602 0.078125 0.083984
0 0.147461 0.476562 0.083984 0.093750
0 0.768555 0.655273 0.107422 0.095703
0 0.312500 0.735352 0.074219 0.083984
0 0.613281 0.270508 0.085938 0.111328
0 0.711914 0.478516 0.087891 0.085938
0 0.423828 0.300781 0.085938 0.109375
0 0.584961 0.060547 0.099609 0.093750
0 0.279297 0.613281 0.089844 0.093750
0 0.615234 0.882812 0.062500 0.085938
0 0.749023 0.934570 0.080078 0.083984
0 0.872070 0.900391 0.083984 0.082031
0 0.922852 0.682617 0.087891 0.111328
0 0.131836 0.055664 0.091797 0.083984
0 0.709961 0.179688 0.080078 0.097656
0 0.722656 0.755859 0.109375 0.078125
0 0.660156 0.607422 0.105469 0.101562
0 0.559570 0.382812 0.107422 0.078125
0 0.311523 0.389648 0.076172 0.083984
0 0.764648 0.447266 0.056641 0.062500
0 0.822266 0.562500 0.054688 0.089844
0 0.888672 0.565430 0.050781 0.087891
0 0.944336 0.554688 0.060547 0.074219
0 0.948242 0.920898 0.052734 0.068359
0 0.822266 0.966797 0.054688 0.066406
0 0.709961 0.820312 0.107422 0.058594
0 0.672852 0.949219 0.052734 0.070312
0 0.487305 0.966797 0.095703 0.066406
0 0.217773 0.515625 0.080078 0.078125
0 0.159180 0.324219 0.052734 0.085938
0 0.248047 0.230469 0.070312 0.066406
0 0.433594 0.041016 0.089844 0.058594
0 0.457031 0.214844 0.082031 0.058594
0 0.910156 0.192383 0.054688 0.076172
0 0.710938 0.094727 0.050781 0.064453
0 0.040039 0.464844 0.072266 0.082031
