0 0.502930 0.205078 0.052734 0.046875
0 0.554688 0.130859 0.058594 0.039062
0 0.183594 0.362305 0.078125 0.048828
0 0.486328 0.492188 0.058594 0.058594
0 0.586914 0.310547 0.091797 0.050781
0 0.749023 0.406250 0.068359 0.054688
0 0.516602 0.757812 0.072266 0.070312
0 0.333008 0.596680 0.052734 0.060547
0 0.676758 0.153320 0.068359 0.083984
0 0.818359 0.772461 0.066406 0.056641
0 0.604492 0.559570 0.076172 0.060547
0 0.827148 0.128906 0.087891 0.058594
0 0.812500 0.543945 0.078125 0.064453
0 0.607422 0.694336 0.074219 0.044922
0 0.660156 0.980469 0.070312 0.039062
0 0.562500 0.867188 0.070312 0.066406
0 0.788086 0.971680 0.068359 0.048828
0 0.791992 0.640625 0.076172 0.054688
0 0.902344 0.463867 0.062500 0.060547
0 0.464844 0.940430 0.062500 0.076172
0 0.889648 0.896484 0.064453 0.050781
0 0.652344 0.056641 0.066406 0.058594
0 0.843750 0.299805 0.082031 0.080078
0 0.960938 0.551758 0.078125 0.056641
