0 0.460938 0.459961 0.097656 0.099609
0 0.908203 0.626953 0.082031 0.089844
0 0.925781 0.507812 0.085938 0.109375
0 0.537109 0.148438 0.089844 0.101562
0 0.847656 0.112305 0.089844 0.087891
0 0.046875 0.303711 0.089844 0.123047
0 0.262695 0.800781 0.107422 0.078125
0 0.764648 0.221680 0.107422 0.134766
0 0.598633 0.398438 0.115234 0.082031
0 0.113281 0.852539 0.085938 0.091797
0 0.959961 0.351562 0.080078 0.085938
0 0.300781 0.367188 0.062500 0.078125
0 0.409180 0.859375 0.068359 0.085938
0 0.182617 0.615234 0.060547 0.031250
0 0.120117 0.726562 0.076172 0.054688
