0 0.330078 0.480469 0.128906 0.109375
0 0.461914 0.608398 0.083984 0.083984
0 0.539062 0.748047 0.109375 0.101562
0 0.174805 0.618164 0.091797 0.115234
0 0.382812 0.733398 0.125000 0.107422
0 0.347656 0.316406 0.089844 0.085938
0 0.613281 0.330078 0.125000 0.121094
0 0.655273 0.613281 0.099609 0.113281
0 0.770508 0.722656 0.115234 0.117188
0 0.318359 0.953125 0.105469 0.093750
0 0.642578 0.916992 0.117188 0.126953
0 0.062500 0.751953 0.093750 0.101562
0 0.775391 0.479492 0.097656 0.107422
0 0.170898 0.935547 0.111328 0.125000
0 0.138672 0.253906 0.082031 0.097656
0 0.946289 0.627930 0.107422 0.123047
0 0.439453 0.304688 0.109375 0.125000
0 0.644531 0.528320 0.097656 0.072266
0 0.887695 0.463867 0.111328 0.099609
0 0.891602 0.918945 0.091797 0.091797
0 0.697266 0.825195 0.105469 0.076172
0 0.389648 0.875977 0.115234 0.080078
0 0.499023 0.899414 0.083984 0.107422
0 0.093750 0.636719 0.082031 0.117188
0 0.091797 0.311523 0.070312 0.111328
0 0.209961 0.318359 0.060547 0.113281
0 0.278320 0.233398 0.068359 0.068359
0 0.168945 0.050781 0.080078 0.066406
0 0.494141 0.034180 0.101562 0.064453
0 0.027344 0.501953 0.046875 0.089844
0 0.078125 0.829102 0.062500 0.052734
0 0.274414 0.620117 0.072266 0.095703
