0 0.315430 0.461914 0.119141 0.091797
0 0.474609 0.414062 0.082031 0.062500
0 0.215820 0.466797 0.076172 0.082031
0 0.654297 0.455078 0.097656 0.101562
0 0.256836 0.661133 0.076172 0.068359
0 0.256836 0.174805 0.107422 0.099609
0 0.523438 0.589844 0.105469 0.109375
0 0.424805 0.144531 0.064453 0.093750
0 0.708984 0.586914 0.113281 0.134766
0 0.906250 0.585938 0.093750 0.117188
0 0.294922 0.758789 0.097656 0.083984
0 0.712891 0.155273 0.140625 0.087891
0 0.248047 0.332031 0.085938 0.058594
0 0.369141 0.933594 0.089844 0.128906
0 0.525391 0.905273 0.085938 0.091797
0 0.693359 0.867188 0.082031 0.089844
0 0.354492 0.626953 0.072266 0.089844
0 0.174805 0.087891 0.111328 0.058594
