15 0.439453 0.514648 0.062500 0.072266
15 0.524414 0.401367 0.056641 0.068359
15 0.608398 0.418945 0.080078 0.087891
15 0.184570 0.490234 0.076172 0.074219
15 0.289062 0.276367 0.066406 0.064453
15 0.450195 0.266602 0.083984 0.064453
15 0.334961 0.827148 0.076172 0.083984
15 0.863281 0.823242 0.066406 0.052734
15 0.655273 0.593750 0.060547 0.082031
15 0.134766 0.841797 0.058594 0.097656
15 0.772461 0.201172 0.083984 0.078125
15 0.416992 0.647461 0.076172 0.099609
15 0.637695 0.896484 0.076172 0.117188
15 0.316406 0.069336 0.078125 0.087891
15 0.621094 0.073242 0.093750 0.072266
15 0.144531 0.691406 0.078125 0.074219
15 0.246094 0.384766 0.078125 0.062500
15 0.291992 0.715820 0.064453 0.080078
15 0.411133 0.120117 0.076172 0.064453
15 0.115234 0.233398 0.062500 0.087891
15 0.088867 0.294922 0.064453 0.054688
15 0.053711 0.320312 0.060547 0.066406
15 0.070312 0.215820 0.058594 0.060547
15 0.176758 0.168945 0.080078 0.072266
15 0.295898 0.174805 0.068359 0.080078
15 0.369141 0.264648 0.054688 0.056641
15 0.357422 0.747070 0.066406 0.060547
15 0.420898 0.847656 0.064453 0.082031
15 0.384766 0.902344 0.058594 0.066406
15 0.218750 0.749023 0.058594 0.083984
15 0.239258 0.670898 0.060547 0.076172
15 0.242188 0.541992 0.058594 0.064453
15 0.246094 0.477539 0.074219 0.064453
15 0.383789 0.473633 0.056641 0.072266
15 0.347656 0.404297 0.050781 0.062500
15 0.463867 0.367188 0.060547 0.050781
15 0.504883 0.319336 0.064453 0.072266
15 0.609375 0.325195 0.070312 0.072266
15 0.677734 0.283203 0.085938 0.070312
15 0.625000 0.240234 0.058594 0.074219
15 0.518555 0.164062 0.052734 0.082031
15 0.464844 0.162109 0.046875 0.070312
15 0.500977 0.043945 0.044922 0.080078
15 0.697266 0.118164 0.054688 0.060547
15 0.750000 0.087891 0.042969 0.066406
15 0.938477 0.450195 0.068359 0.087891
15 0.874023 0.510742 0.033203 0.044922
15 0.864258 0.583984 0.060547 0.066406
15 0.761719 0.614258 0.062500 0.087891
15 0.747070 0.796875 0.056641 0.062500
15 0.598633 0.678711 0.068359 0.041016
15 0.564453 0.728516 0.050781 0.070312
15 0.518555 0.748047 0.068359 0.070312
15 0.508789 0.833008 0.072266 0.052734
15 0.552734 0.901367 0.046875 0.072266
15 0.737305 0.938477 0.044922 0.068359
15 0.777344 0.853516 0.054688 0.062500
15 0.850586 0.889648 0.060547 0.068359
15 0.850586 0.955078 0.052734 0.058594
15 0.899414 0.910156 0.056641 0.089844
15 0.933594 0.844727 0.050781 0.087891
15 0.922852 0.731445 0.052734 0.068359
15 0.928711 0.576172 0.052734 0.054688
15 0.221680 0.830078 0.052734 0.058594
15 0.148438 0.627930 0.082031 0.048828
