0 0.409180 0.341797 0.072266 0.097656
0 0.731445 0.295898 0.064453 0.072266
0 0.464844 0.564453 0.078125 0.074219
0 0.306641 0.118164 0.082031 0.076172
0 0.537109 0.061523 0.101562 0.056641
0 0.731445 0.158203 0.072266 0.050781
0 0.334961 0.773438 0.083984 0.089844
0 0.503906 0.771484 0.085938 0.070312
0 0.565430 0.496094 0.095703 0.058594
0 0.788086 0.442383 0.091797 0.052734
0 0.946289 0.447266 0.083984 0.085938
0 0.958008 0.072266 0.083984 0.062500
0 0.186523 0.655273 0.083984 0.103516
0 0.313477 0.957031 0.083984 0.078125
0 0.409180 0.033203 0.076172 0.058594
0 0.543945 0.688477 0.091797 0.060547
0 0.535156 0.414062 0.074219 0.070312
0 0.741211 0.089844 0.095703 0.062500
0 0.797852 0.308594 0.068359 0.062500
0 0.710938 0.476562 0.105469 0.078125
0 0.273438 0.796875 0.074219 0.078125
