0 0.623047 0.582031 0.093750 0.066406
0 0.321289 0.705078 0.111328 0.113281
0 0.350586 0.316406 0.080078 0.160156
0 0.852539 0.077148 0.080078 0.080078
0 0.132812 0.056641 0.132812 0.109375
0 0.258789 0.514648 0.103516 0.115234
0 0.067383 0.717773 0.115234 0.138672
0 0.731445 0.907227 0.087891 0.103516
0 0.087891 0.422852 0.132812 0.091797
0 0.541992 0.079102 0.123047 0.091797
0 0.148438 0.902344 0.101562 0.101562
0 0.104492 0.965820 0.107422 0.068359
0 0.462891 0.659180 0.093750 0.095703
0 0.887695 0.317383 0.087891 0.115234
0 0.922852 0.252930 0.095703 0.115234
0 0.252930 0.364258 0.107422 0.087891
0 0.079102 0.565430 0.111328 0.095703
0 0.680664 0.819336 0.111328 0.111328
0 0.671875 0.691406 0.097656 0.093750
0 0.799805 0.163086 0.072266 0.095703
