0 0.258789 0.115234 0.056641 0.054688
0 0.166016 0.230469 0.042969 0.058594
0 0.299805 0.408203 0.048828 0.089844
0 0.725586 0.556641 0.060547 0.054688
0 0.464844 0.443359 0.054688 0.082031
0 0.458008 0.597656 0.068359 0.085938
0 0.605469 0.438477 0.054688 0.083984
0 0.428711 0.720703 0.083984 0.082031
0 0.697266 0.909180 0.062500 0.080078
0 0.799805 0.873047 0.068359 0.078125
0 0.125000 0.342773 0.058594 0.068359
0 0.633789 0.050781 0.048828 0.054688
0 0.637695 0.628906 0.048828 0.070312
0 0.533203 0.669922 0.054688 0.082031
