0 0.797852 0.495117 0.087891 0.072266
0 0.117188 0.579102 0.113281 0.080078
0 0.401367 0.191406 0.083984 0.062500
0 0.369141 0.805664 0.085938 0.076172
0 0.436523 0.686523 0.083984 0.083984
0 0.703125 0.072266 0.070312 0.054688
0 0.110352 0.322266 0.076172 0.070312
0 0.875977 0.696289 0.048828 0.052734
0 0.100586 0.918945 0.068359 0.087891
0 0.465820 0.370117 0.072266 0.072266
0 0.589844 0.504883 0.078125 0.064453
0 0.760742 0.736328 0.091797 0.089844
0 0.541992 0.217773 0.072266 0.068359
0 0.305664 0.415039 0.052734 0.056641
0 0.237305 0.910156 0.056641 0.058594
0 0.476562 0.817383 0.074219 0.068359
0 0.468750 0.892578 0.074219 0.058594
0 0.399414 0.918945 0.068359 0.056641
0 0.889648 0.400391 0.080078 0.089844
