0 0.376953 0.275391 0.082031 0.066406
0 0.397461 0.140625 0.068359 0.078125
0 0.518555 0.133789 0.080078 0.087891
0 0.698242 0.142578 0.068359 0.058594
0 0.783203 0.135742 0.078125 0.076172
0 0.171875 0.267578 0.082031 0.089844
0 0.231445 0.784180 0.087891 0.064453
0 0.700195 0.617188 0.107422 0.070312
0 0.425781 0.784180 0.066406 0.111328
0 0.187500 0.656250 0.085938 0.121094
0 0.240234 0.860352 0.085938 0.064453
0 0.053711 0.155273 0.060547 0.083984
0 0.557617 0.596680 0.087891 0.076172
0 0.690430 0.781250 0.072266 0.070312
0 0.765625 0.416992 0.078125 0.080078
0 0.703125 0.279297 0.113281 0.062500
0 0.818359 0.527344 0.078125 0.117188
0 0.262695 0.182617 0.080078 0.060547
0 0.218750 0.405273 0.078125 0.068359
0 0.569336 0.767578 0.099609 0.093750
