0 0.465820 0.447266 0.119141 0.082031
0 0.355469 0.252930 0.105469 0.087891
0 0.677734 0.233398 0.109375 0.080078
0 0.245117 0.083008 0.087891 0.080078
0 0.458984 0.093750 0.082031 0.097656
0 0.227539 0.528320 0.111328 0.083984
0 0.657227 0.410156 0.080078 0.078125
0 0.626953 0.657227 0.062500 0.064453
0 0.810547 0.911133 0.062500 0.095703
0 0.392578 0.757812 0.078125 0.121094
0 0.084961 0.745117 0.080078 0.091797
0 0.700195 0.149414 0.095703 0.072266
0 0.275391 0.344727 0.097656 0.072266
0 0.611328 0.918945 0.082031 0.087891
0 0.466797 0.586914 0.074219 0.091797
0 0.199219 0.715820 0.074219 0.076172
0 0.054688 0.638672 0.074219 0.105469
0 0.351562 0.151367 0.078125 0.068359
0 0.516602 0.137695 0.068359 0.072266
0 0.522461 0.193359 0.068359 0.054688
0 0.453125 0.292969 0.101562 0.066406
0 0.516602 0.333008 0.076172 0.107422
0 0.637695 0.306641 0.064453 0.062500
0 0.704102 0.291016 0.044922 0.070312
0 0.687500 0.351562 0.054688 0.066406
0 0.696289 0.692383 0.076172 0.080078
0 0.735352 0.785156 0.056641 0.074219
0 0.796875 0.727539 0.085938 0.076172
0 0.822266 0.827148 0.085938 0.076172
0 0.902344 0.928711 0.070312 0.060547
0 0.749023 0.916016 0.076172 0.062500
0 0.054688 0.870117 0.085938 0.083984
0 0.165039 0.617188 0.048828 0.109375
0 0.254883 0.610352 0.083984 0.080078
0 0.315430 0.591797 0.083984 0.101562
0 0.229492 0.437500 0.072266 0.066406
0 0.264648 0.410156 0.076172 0.062500
0 0.367188 0.448242 0.085938 0.095703
0 0.363281 0.375977 0.089844 0.060547
0 0.231445 0.213867 0.111328 0.060547
0 0.184570 0.123047 0.060547 0.078125
0 0.114258 0.306641 0.099609 0.066406
0 0.195312 0.305664 0.058594 0.083984
0 0.245117 0.150391 0.076172 0.054688
0 0.407227 0.123047 0.083984 0.085938
0 0.503906 0.649414 0.066406 0.072266
