0 0.419922 0.495117 0.062500 0.052734
0 0.372070 0.613281 0.083984 0.085938
0 0.508789 0.565430 0.080078 0.056641
0 0.633789 0.701172 0.072266 0.062500
0 0.192383 0.541992 0.091797 0.060547
0 0.248047 0.876953 0.074219 0.082031
0 0.700195 0.767578 0.083984 0.078125
0 0.796875 0.692383 0.070312 0.068359
0 0.891602 0.690430 0.099609 0.072266
0 0.702148 0.872070 0.095703 0.083984
0 0.325195 0.926758 0.068359 0.087891
0 0.528320 0.186523 0.111328 0.076172
0 0.480469 0.330078 0.101562 0.074219
0 0.217773 0.149414 0.076172 0.052734
0 0.262695 0.706055 0.103516 0.052734
0 0.298828 0.242188 0.085938 0.066406
0 0.382812 0.046875 0.066406 0.070312
0 0.477539 0.036133 0.099609 0.068359
0 0.590820 0.035156 0.091797 0.066406
0 0.924805 0.609375 0.044922 0.066406
